<?xml version="1.0" encoding="UTF-8"?>
<map version="1.2" tiledversion="1.3.3" orientation="orthogonal" renderorder="right-down" width="200" height="200" tilewidth="4" tileheight="4" infinite="1" nextlayerid="2" nextobjectid="1">
 <tileset firstgid="1" source="tileset.tsx"/>
 <layer id="1" name="Tile Layer 1" width="200" height="200">
  <data encoding="csv">
   <chunk x="0" y="-16" width="16" height="16">
11,12,12,12,12,12,12,12,12,12,12,12,12,12,12,12,
21,14,15,15,15,15,15,15,16,22,1,1,1,1,1,1,
21,24,0,0,0,0,0,0,26,22,1,1,1,1,1,1,
21,24,0,0,0,0,0,0,26,22,1,1,1,1,1,1,
21,24,0,0,0,0,0,0,26,22,1,1,1,1,1,1,
21,24,0,0,0,0,0,0,26,22,1,1,1,1,1,1,
21,24,0,0,0,0,0,0,26,22,1,1,1,1,1,1,
21,24,0,0,0,0,0,0,26,22,1,1,1,1,1,1,
21,34,35,35,35,35,35,35,36,22,1,1,1,1,1,1,
31,32,32,32,32,32,32,32,32,32,32,32,32,32,32,32,
41,42,42,42,42,42,42,42,42,42,42,42,42,42,42,42,
11,12,12,12,12,12,12,12,12,12,13,0,0,0,0,0,
21,14,15,15,16,22,22,22,22,22,23,0,0,0,0,0,
21,24,25,25,26,22,22,22,22,22,23,0,0,0,0,0,
21,24,25,25,26,22,22,22,22,22,23,0,0,0,0,0,
21,34,35,35,36,22,22,22,22,22,23,0,0,0,0,0
</chunk>
   <chunk x="16" y="-16" width="16" height="16">
12,12,13,0,0,0,0,0,0,0,0,0,0,0,0,0,
1,1,23,0,0,0,0,0,0,0,0,0,0,0,0,0,
1,1,23,0,0,0,0,0,0,0,0,0,0,0,0,0,
1,1,23,0,0,0,0,0,0,0,0,0,0,0,0,0,
1,1,23,0,0,0,0,0,0,0,0,0,0,0,0,0,
1,1,23,0,0,0,0,0,0,0,0,0,0,0,0,0,
1,1,23,0,0,0,0,0,0,0,0,0,0,0,0,0,
1,1,23,0,0,0,0,0,0,0,0,0,0,0,0,0,
1,1,23,0,0,0,0,0,0,0,0,0,0,0,0,0,
32,32,33,0,0,0,0,0,0,0,0,0,0,0,0,0,
42,42,43,0,0,0,0,0,0,0,0,0,0,0,0,0,
0,0,0,0,0,0,0,0,0,0,0,0,0,0,0,0,
0,0,0,0,0,0,0,0,0,0,0,0,0,0,0,0,
0,0,0,0,0,0,0,0,0,0,0,0,0,0,0,0,
0,0,0,0,0,0,0,0,0,0,0,0,0,0,0,0,
0,0,0,0,0,0,0,0,0,0,0,0,0,0,0,0
</chunk>
   <chunk x="0" y="0" width="16" height="16">
31,32,32,32,32,32,32,32,32,32,33,0,0,0,0,0,
41,42,42,42,42,42,42,42,42,42,43,0,0,0,0,0,
11,12,12,12,12,13,0,0,0,0,0,0,0,0,0,0,
21,14,15,15,16,23,0,0,0,0,0,0,0,0,0,0,
21,24,25,25,26,23,0,44,45,0,0,0,0,0,0,0,
21,24,25,25,26,23,0,54,55,0,0,0,0,0,0,0,
21,34,35,35,36,23,0,0,0,0,0,0,0,0,0,0,
31,32,32,32,32,33,0,0,0,0,0,0,0,0,0,0,
41,42,42,42,42,43,0,0,0,0,0,0,0,0,0,0,
11,12,12,12,12,12,12,12,12,12,12,12,12,12,13,0,
21,14,15,15,15,15,16,22,14,15,15,15,15,16,23,0,
21,24,0,0,0,0,26,22,24,0,0,0,0,26,23,0,
21,24,0,0,0,0,26,22,24,0,0,0,0,26,23,0,
21,24,0,0,0,0,26,22,24,0,0,0,0,26,23,0,
21,24,0,0,0,0,26,22,24,0,0,0,0,26,23,0,
21,34,35,35,35,35,36,22,34,35,35,35,35,36,23,0
</chunk>
   <chunk x="0" y="16" width="16" height="16">
31,32,32,32,32,32,32,32,32,32,32,32,32,32,33,0,
41,42,42,42,42,42,42,42,42,42,42,42,42,42,43,0,
11,12,13,0,0,0,0,0,0,0,0,0,0,0,0,0,
21,22,23,0,0,0,0,0,0,0,0,0,0,0,0,0,
31,32,33,0,0,0,0,0,0,0,0,0,0,0,0,0,
41,42,43,0,0,0,0,0,0,0,0,0,0,0,0,0,
0,0,0,0,0,0,0,0,0,0,0,0,0,0,0,0,
0,0,0,0,0,0,0,0,0,0,0,0,0,0,0,0,
0,0,0,0,0,0,0,0,0,0,0,0,0,0,0,0,
0,0,0,0,0,0,0,0,0,0,0,0,0,0,0,0,
0,0,0,0,0,0,0,0,0,0,0,0,0,0,0,0,
0,0,0,0,0,0,0,0,0,0,0,0,0,0,0,0,
0,0,0,0,0,0,0,0,0,0,0,0,0,0,0,0,
0,0,0,0,0,0,0,0,0,0,0,0,0,0,0,0,
0,0,0,0,0,0,0,0,0,0,0,0,0,0,0,0,
0,0,0,0,0,0,0,0,0,0,0,0,0,0,0,0
</chunk>
  </data>
 </layer>
</map>
